2 9.800000043469481e-06
5 1.1100000847363845e-05
10 1.650000012887176e-05
12 1.300000076298602e-05
15 1.6799998775240965e-05
20 2.7599999157246202e-05
30 4.599999920174014e-05
40 5.059999966761097e-05
45 5.740000051446259e-05
50 6.0399999711080454e-05
55 0.00012029999925289303
60 9.01000003068475e-05
75 7.879999975557439e-05
100 0.00017110000044340268
125 0.0001740000006975606
160 0.0002356000004510861
200 0.0003295999995316379
250 0.0012819000003219116
350 0.002006299999266048
500 0.004540100000667735
600 0.00456569999914791
800 0.00854069999877538
1000 0.016499000001203967
2000 0.09112260000074457
5000 0.8677167999994708
10000 6.25502299999971
