2 1.2500000593718141e-05
5 1.4600000213249587e-05
10 3.280000055383425e-05
12 2.010000025620684e-05
15 2.700000004551839e-05
20 4.169999920122791e-05
30 0.0001391000005241949
40 0.0001478000012866687
45 0.00014939999891794287
50 0.00015349999921454582
55 0.00013770000077784061
60 0.00017219999972439837
75 0.00020220000078552403
100 0.0003120000001217704
125 0.0004484000000957167
160 0.0004253999995853519
200 0.0006350000003294554
250 0.001476600000387407
350 0.003231600001527113
500 0.010271600000123726
600 0.013853700000254321
800 0.03638700000010431
1000 0.05666269999892393
2000 0.30219270000088727
5000 3.036963700000342
10000 20.72326729999986
