2 4.590000003190653e-05
5 4.55000000556538e-05
10 8.61999999415275e-05
12 5.640000006224e-05
15 0.00010299999996732367
20 8.530000002338056e-05
30 8.660000003146706e-05
40 0.0002978999999641019
45 0.00019159999999374122
50 0.00013809999995828548
55 0.00020800000004328467
60 0.00022590000003219757
75 0.00020559999995839462
100 0.00028449999990698416
125 0.0003935999999384876
160 0.00052230000005693
200 0.0009715999999571068
250 0.0014250000000401997
350 0.003654999999980646
500 0.009209599999962848
600 0.014552499999922475
800 0.03064280000000963
1000 0.054388900000049034
2000 0.3452617000000373
5000 3.2818783000000167
10000 21.701963199999682
