2 5.3999999977349944e-05
5 5.029999999806023e-05
10 0.00012219999996432307
12 6.040000005214097e-05
15 0.00018149999993966048
20 8.690000004207832e-05
30 0.00011100000006081245
40 0.0003058999999439038
45 0.00018639999996139522
50 0.00013939999996637198
55 0.00026109999998880085
60 0.0002267999999503445
75 0.00020870000003014866
100 0.0002822999999807507
125 0.0004076999999824693
160 0.0005161000000271088
200 0.0014751999999589316
250 0.0014654999999947904
350 0.0037585000000035507
500 0.008864899999935005
600 0.01468899999997575
800 0.030885600000033264
1000 0.054234199999996235
2000 0.3449192000000494
5000 3.267978899999889
10000 22.16946530000041
