2 2.859999995052931e-05
5 0.00010749999989911885
10 3.179999998792482e-05
12 3.670000000965956e-05
15 4.200000000764703e-05
20 7.49000000723754e-05
30 9.739999995872495e-05
40 0.00029729999994287937
45 0.00019159999999374122
50 0.00014360000000124273
55 0.0001999999999497959
60 0.0002531000000089989
75 0.00022269999999480206
100 0.00030319999996208935
125 0.0004159999999728825
160 0.0005649000000857995
200 0.0009631000000354106
250 0.0017107999999552703
350 0.00446769999996377
500 0.011584599999991951
600 0.015297099999997954
800 0.03525930000000699
1000 0.06368240000006153
2000 0.34709490000000187
5000 3.2232188000000406
10000 22.738205800000287
