2 6.760000007943745e-05
5 6.209999992279336e-05
10 0.00013389999992341473
12 0.0001940999999305859
15 0.00011180000001331791
20 0.00017539999998916755
30 0.00011379999989458156
40 0.0004685999999765045
45 0.0002276000000165368
50 0.00017470000000230357
55 0.0002917000000479675
60 0.0003073999999969601
75 0.00032159999989289645
100 0.00036249999993742676
125 0.000475100000016937
160 0.0006297999999560489
200 0.0018421999999418404
250 0.0014019999999845822
350 0.004051900000035857
500 0.009407200000055127
600 0.015168399999993198
800 0.0322512000000188
1000 0.05979309999997895
2000 0.37813260000007176
5000 3.5798981000000367
10000 24.621212600000035
