2 6.300000006831397e-05
5 6.360000008953648e-05
10 8.37000000046828e-05
12 8.219999995162652e-05
15 0.00010109999993801466
20 0.00010359999998854619
30 0.00010640000004968897
40 0.0003547000000025946
45 0.00021249999997507985
50 0.00015830000006644696
55 0.00024099999995996768
60 0.000289700000053017
75 0.00024180000002615998
100 0.0003573999999844091
125 0.0004786999999168984
160 0.0006238000000848842
200 0.0014898000000584943
250 0.0016971000000012282
350 0.004233699999986129
500 0.01016540000000532
600 0.015618900000049507
800 0.03722940000000108
1000 0.06075250000003507
2000 0.3820540000001529
5000 3.6377517999999327
10000 23.50625379999974
