2 3.0300000048555376e-05
5 2.819999997427658e-05
10 2.8100000008635106e-05
12 2.910000000611035e-05
15 4.939999996622646e-05
20 4.780000006121554e-05
30 0.00023889999999937572
40 0.00042870000004313624
45 0.0002659000000448941
50 0.00022660000001906155
55 0.00020599999993464735
60 0.00017079999997804407
75 0.0001713000000336251
100 0.00023010000006706832
125 0.0003403000000616885
160 0.0003993999999920561
200 0.0005793000000267057
250 0.0016008999999712614
350 0.0037753999999949883
500 0.009035199999971155
600 0.0146349999999984
800 0.026572399999963636
1000 0.04657939999992777
2000 0.2692297999999482
5000 2.6700121999999737
10000 18.431182199999967
